 -0.998000026         -9.66351256E-02      1.68197894    
 -0.995999992         -9.32720676E-02      1.68100297    
 -0.994000018         -8.99111107E-02      1.68001401    
 -0.991999984         -8.65520388E-02      1.67901218    
 -0.990000010         -8.31950754E-02      1.67799747    
 -0.987999976         -7.98400342E-02      1.67696977    
 -0.986000001         -7.64871612E-02      1.67592919    
 -0.984000027         -7.31364116E-02      1.67487586    
 -0.981999993         -6.97876737E-02      1.67380941    
 -0.980000019         -6.64411709E-02      1.67273021    
 -0.977999985         -6.30967319E-02      1.67163813    
 -0.976000011         -5.97546287E-02      1.67053330    
 -0.973999977         -5.64145818E-02      1.66941559    
 -0.972000003         -5.30769266E-02      1.66828513    
 -0.970000029         -4.97415327E-02      1.66714180    
 -0.967999995         -4.64083776E-02      1.66598582    
 -0.966000021         -4.30775844E-02      1.66481698    
 -0.963999987         -3.97490822E-02      1.66363525    
 -0.962000012         -3.64230499E-02      1.66244102    
 -0.959999979         -3.30993459E-02      1.66123390    
 -0.958000004         -2.97781229E-02      1.66001403    
 -0.955999970         -2.64592841E-02      1.65878141    
 -0.953999996         -2.31430158E-02      1.65753627    
 -0.952000022         -1.98292285E-02      1.65627849    
 -0.949999988         -1.65178701E-02      1.65500796    
 -0.948000014         -1.32092014E-02      1.65372455    
 -0.945999980         -9.90295410E-03      1.65242875    
 -0.944000006         -6.59944117E-03      1.65112031    
 -0.941999972         -3.29850614E-03      1.64979923    
 -0.939999998         -2.53319740E-07      1.64846563    
 -0.938000023          3.29526514E-03      1.64711940    
 -0.935999990          6.58825040E-03      1.64576042    
 -0.934000015          9.87830758E-03      1.64438903    
 -0.931999981          1.31657869E-02      1.64300513    
 -0.930000007          1.64503828E-02      1.64160872    
 -0.927999973          1.97322369E-02      1.64019978    
 -0.925999999          2.30111554E-02      1.63877821    
 -0.924000025          2.62872577E-02      1.63734424    
 -0.921999991          2.95605212E-02      1.63589787    
 -0.920000017          3.28308493E-02      1.63443899    
 -0.917999983          3.60983014E-02      1.63296759    
 -0.916000009          3.93627137E-02      1.63148403    
 -0.913999975          4.26242650E-02      1.62998772    
 -0.912000000          4.58826572E-02      1.62847924    
 -0.909999967          4.91381437E-02      1.62695813    
 -0.907999992          5.23905307E-02      1.62542498    
 -0.906000018          5.56398034E-02      1.62387931    
 -0.903999984          5.88860214E-02      1.62232137    
 -0.902000010          6.21290803E-02      1.62075102    
 -0.899999976          6.53690696E-02      1.61916840    
 -0.898000002          6.86057657E-02      1.61757350    
 -0.896000028          7.18392581E-02      1.61596632    
 -0.893999994          7.50696063E-02      1.61434686    
 -0.892000020          7.82966614E-02      1.61271513    
 -0.889999986          8.15204978E-02      1.61107123    
 -0.888000011          8.47409517E-02      1.60941517    
 -0.885999978          8.79581422E-02      1.60774684    
 -0.884000003          9.11719352E-02      1.60606635    
 -0.881999969          9.43824202E-02      1.60437369    
 -0.879999995          9.75894183E-02      1.60266888    
 -0.878000021         0.100793004          1.60095191    
 -0.875999987         0.103993222          1.59922278    
 -0.874000013         0.107189909          1.59748173    
 -0.871999979         0.110383183          1.59572840    
 -0.870000005         0.113572821          1.59396315    
 -0.868000031         0.116758928          1.59218574    
 -0.865999997         0.119941562          1.59039629    
 -0.863999963         0.123120576          1.58859468    
 -0.861999989         0.126295969          1.58678138    
 -0.860000014         0.129467666          1.58495617    
 -0.857999980         0.132635787          1.58311868    
 -0.856000006         0.135800153          1.58126938    
 -0.853999972         0.138960883          1.57940805    
 -0.851999998         0.142117769          1.57753491    
 -0.850000024         0.145270914          1.57564986    
 -0.847999990         0.148420349          1.57375288    
 -0.845999956         0.151566014          1.57184398    
 -0.843999982         0.154707775          1.56992328    
 -0.842000008         0.157845631          1.56799090    
 -0.839999974         0.160979703          1.56604648    
 -0.838000000         0.164109841          1.56409037    
 -0.835999966         0.167236105          1.56212258    
 -0.833999991         0.170358315          1.56014287    
 -0.832000017         0.173476562          1.55815136    
 -0.829999983         0.176590905          1.55614829    
 -0.828000009         0.179701164          1.55413342    
 -0.825999975         0.182807460          1.55210710    
 -0.824000001         0.185909614          1.55006874    
 -0.822000027         0.189007655          1.54801905    
 -0.819999993         0.192101642          1.54595745    
 -0.817999959         0.195191577          1.54388440    
 -0.815999985         0.198277190          1.54179966    
 -0.814000010         0.201358721          1.53970361    
 -0.811999977         0.204436049          1.53759575    
 -0.810000002         0.207509086          1.53547621    
 -0.807999969         0.210577980          1.53334534    
 -0.805999994         0.213642493          1.53120303    
 -0.804000020         0.216702685          1.52904916    
 -0.801999986         0.219758645          1.52688372    
 -0.800000012         0.222810164          1.52470696    
 -0.797999978         0.225857452          1.52251863    
 -0.796000004         0.228900298          1.52031910    
 -0.793999970         0.231938794          1.51810801    
 -0.791999996         0.234972730          1.51588571    
 -0.789999962         0.238002345          1.51365185    
 -0.787999988         0.241027340          1.51140678    
 -0.786000013         0.244047895          1.50915039    
 -0.783999979         0.247063950          1.50688267    
 -0.782000005         0.250075400          1.50460362    
 -0.779999971         0.253082395          1.50231338    
 -0.777999997         0.256084681          1.50001204    
 -0.776000023         0.259082317          1.49769926    
 -0.773999989         0.262075484          1.49537539    
 -0.771999955         0.265063941          1.49304020    
 -0.769999981         0.268047631          1.49069405    
 -0.768000007         0.271026611          1.48833668    
 -0.765999973         0.274001002          1.48596811    
 -0.763999999         0.276970446          1.48358858    
 -0.761999965         0.279935300          1.48119795    
 -0.759999990         0.282895267          1.47879624    
 -0.758000016         0.285850406          1.47638357    
 -0.755999982         0.288800836          1.47395968    
 -0.754000008         0.291746259          1.47152495    
 -0.751999974         0.294686973          1.46907914    
 -0.750000000         0.297622621          1.46662259    
 -0.748000026         0.300553381          1.46415496    
 -0.745999992         0.303479195          1.46167624    
 -0.743999958         0.306400180          1.45918691    
 -0.741999984         0.309315979          1.45668650    
 -0.740000010         0.312226772          1.45417535    
 -0.737999976         0.315132678          1.45165336    
 -0.736000001         0.318033397          1.44912052    
 -0.733999968         0.320929170          1.44657695    
 -0.731999993         0.323819697          1.44402242    
 -0.730000019         0.326705158          1.44145739    
 -0.727999985         0.329585612          1.43888164    
 -0.725999951         0.332460761          1.43629491    
 -0.723999977         0.335330784          1.43369782    
 -0.722000003         0.338195503          1.43108988    
 -0.720000029         0.341055036          1.42847133    
 -0.717999995         0.343909442          1.42584229    
 -0.715999961         0.346758485          1.42320228    
 -0.713999987         0.349602222          1.42055213    
 -0.712000012         0.352440655          1.41789126    
 -0.709999979         0.355273783          1.41521990    
 -0.707999945         0.358101606          1.41253781    
 -0.705999970         0.360923886          1.40984535    
 -0.703999996         0.363740921          1.40714252    
 -0.702000022         0.366552413          1.40442932    
 -0.699999988         0.369358599          1.40170538    
 -0.697999954         0.372159302          1.39897120    
 -0.695999980         0.374954462          1.39622676    
 -0.694000006         0.377744138          1.39347196    
 -0.691999972         0.380528390          1.39070666    
 -0.689999998         0.383307040          1.38793123    
 -0.687999964         0.386080086          1.38514531    
 -0.685999990         0.388847589          1.38234925    
 -0.684000015         0.391609430          1.37954295    
 -0.681999981         0.394365728          1.37672639    
 -0.679999948         0.397116423          1.37389970    
 -0.677999973         0.399861336          1.37106276    
 -0.675999999         0.402600586          1.36821568    
 -0.674000025         0.405334115          1.36535847    
 -0.671999991         0.408062041          1.36249125    
 -0.669999957         0.410784125          1.35961366    
 -0.667999983         0.413500488          1.35672629    
 -0.666000009         0.416211009          1.35382891    
 -0.663999975         0.418915808          1.35092139    
 -0.661999941         0.421614766          1.34800375    
 -0.659999967         0.424307823          1.34507632    
 -0.657999992         0.426994979          1.34213889    
 -0.656000018         0.429676294          1.33919168    
 -0.653999984         0.432351768          1.33623445    
 -0.651999950         0.435021341          1.33326721    
 -0.649999976         0.437684894          1.33029044    
 -0.648000002         0.440342426          1.32730377    
 -0.646000028         0.442993939          1.32430708    
 -0.643999994         0.445639610          1.32130075    
 -0.641999960         0.448279262          1.31828451    
 -0.639999986         0.450912774          1.31525874    
 -0.638000011         0.453540206          1.31222320    
 -0.635999978         0.456161737          1.30917799    
 -0.633999944         0.458777010          1.30612314    
 -0.631999969         0.461386204          1.30305862    
 -0.629999995         0.463989198          1.29998446    
 -0.628000021         0.466585994          1.29690075    
 -0.625999987         0.469176769          1.29380751    
 -0.623999953         0.471761346          1.29070461    
 -0.621999979         0.474339604          1.28759241    
 -0.620000005         0.476911664          1.28447044    
 -0.617999971         0.479477465          1.28133905    
 -0.615999997         0.482037008          1.27819848    
 -0.613999963         0.484590352          1.27504826    
 -0.611999989         0.487137198          1.27188885    
 -0.610000014         0.489677787          1.26871979    
 -0.607999980         0.492212117          1.26554167    
 -0.605999947         0.494740069          1.26235402    
 -0.603999972         0.497261584          1.25915730    
 -0.601999998         0.499776602          1.25595105    
 -0.600000024         0.502285242          1.25273585    
 -0.597999990         0.504787505          1.24951124    
 -0.595999956         0.507283449          1.24627733    
 -0.593999982         0.509772599          1.24303436    
 -0.592000008         0.512255430          1.23978245    
 -0.589999974         0.514731824          1.23652124    
 -0.587999940         0.517201662          1.23325098    
 -0.585999966         0.519664824          1.22997165    
 -0.583999991         0.522121429          1.22668326    
 -0.582000017         0.524571478          1.22338593    
 -0.579999983         0.527014971          1.22007954    
 -0.577999949         0.529451907          1.21676409    
 -0.575999975         0.531882048          1.21343982    
 -0.574000001         0.534305573          1.21010673    
 -0.571999967         0.536722422          1.20676446    
 -0.569999993         0.539132535          1.20341361    
 -0.567999959         0.541536093          1.20005381    
 -0.565999985         0.543932796          1.19668531    
 -0.564000010         0.546322823          1.19330812    
 -0.561999977         0.548706114          1.18992198    
 -0.559999943         0.551082551          1.18652701    
 -0.557999969         0.553452194          1.18312347    
 -0.555999994         0.555814922          1.17971122    
 -0.554000020         0.558170974          1.17629027    
 -0.551999986         0.560520172          1.17286098    
 -0.549999952         0.562862515          1.16942286    
 -0.547999978         0.565197885          1.16597617    
 -0.546000004         0.567526340          1.16252100    
 -0.543999970         0.569847941          1.15905714    
 -0.541999936         0.572162569          1.15558469    
 -0.539999962         0.574470222          1.15210414    
 -0.537999988         0.576770961          1.14861500    
 -0.536000013         0.579064608          1.14511752    
 -0.533999979         0.581351399          1.14161170    
 -0.531999946         0.583631158          1.13809717    
 -0.529999971         0.585903823          1.13457477    
 -0.527999997         0.588169396          1.13104379    
 -0.525999963         0.590428054          1.12750459    
 -0.523999989         0.592679501          1.12395716    
 -0.521999955         0.594923854          1.12040126    
 -0.519999981         0.597160995          1.11683750    
 -0.518000007         0.599391103          1.11326540    
 -0.515999973         0.601614118          1.10968518    
 -0.513999939         0.603829980          1.10609686    
 -0.511999965         0.606038511          1.10250044    
 -0.509999990         0.608239889          1.09889615    
 -0.508000016         0.610434055          1.09528363    
 -0.505999982         0.612621009          1.09166300    
 -0.503999949         0.614800751          1.08803451    
 -0.501999974         0.616973162          1.08439815    
 -0.500000000         0.619138300          1.08075392    
 -0.497999966         0.621296167          1.07710159    
 -0.495999992         0.623446643          1.07344151    
 -0.493999958         0.625589967          1.06977344    
 -0.491999984         0.627725840          1.06609774    
 -0.489999950         0.629854321          1.06241405    
 -0.487999976         0.631975472          1.05872285    
 -0.486000001         0.634089231          1.05502379    
 -0.483999968         0.636195540          1.05131698    
 -0.481999993         0.638294458          1.04760253    
 -0.479999959         0.640385926          1.04388046    
 -0.477999985         0.642469943          1.04015076    
 -0.475999951         0.644546509          1.03641343    
 -0.473999977         0.646615624          1.03266871    
 -0.472000003         0.648677170          1.02891648    
 -0.469999969         0.650731325          1.02515638    
 -0.467999995         0.652777791          1.02138901    
 -0.465999961         0.654816866          1.01761413    
 -0.463999987         0.656848311          1.01383209    
 -0.461999953         0.658872187          1.01004231    
 -0.459999979         0.660888493          1.00624549    
 -0.457999945         0.662897170          1.00244105    
 -0.455999970         0.664898217         0.998629570    
 -0.453999996         0.666891634         0.994810581    
 -0.451999962         0.668877423         0.990984380    
 -0.449999988         0.670855582         0.987151027    
 -0.447999954         0.672826052         0.983310461    
 -0.445999980         0.674788833         0.979462743    
 -0.443999946         0.676743984         0.975607872    
 -0.441999972         0.678691208         0.971745849    
 -0.439999998         0.680630863         0.967877030    
 -0.437999964         0.682562709         0.964000762    
 -0.435999990         0.684486866         0.960117757    
 -0.433999956         0.686403215         0.956227660    
 -0.431999981         0.688311756         0.952330589    
 -0.429999948         0.690212607         0.948426485    
 -0.427999973         0.692105532         0.944515705    
 -0.425999999         0.693990588         0.940598011    
 -0.423999965         0.695867896         0.936673224    
 -0.421999991         0.697737217         0.932741821    
 -0.419999957         0.699598849         0.928803623    
 -0.417999983         0.701452494         0.924858689    
 -0.415999949         0.703298271         0.920906961    
 -0.413999975         0.705136120         0.916948557    
 -0.412000000         0.706966043         0.912983716    
 -0.409999967         0.708788037         0.909011960    
 -0.407999992         0.710602105         0.905033648    
 -0.405999959         0.712408245         0.901048720    
 -0.403999984         0.714206278         0.897057354    
 -0.401999950         0.715996444         0.893059254    
 -0.399999976         0.717778563         0.889055073    
 -0.397999942         0.719552636         0.885043859    
 -0.395999968         0.721318662         0.881026566    
 -0.393999994         0.723076701         0.877003014    
 -0.391999960         0.724826634         0.872972727    
 -0.389999986         0.726568580         0.868936360    
 -0.387999952         0.728302479         0.864893556    
 -0.385999978         0.730028152         0.860844672    
 -0.383999944         0.731745839         0.856788993    
 -0.381999969         0.733455300         0.852727532    
 -0.379999995         0.735156715         0.848660231    
 -0.377999961         0.736849964         0.844586194    
 -0.375999987         0.738534987         0.840506196    
 -0.373999953         0.740211964         0.836419940    
 -0.371999979         0.741880715         0.832327962    
 -0.369999945         0.743541360         0.828229606    
 -0.367999971         0.745193660         0.824125350    
 -0.365999997         0.746837795         0.820015252    
 -0.363999963         0.748473763         0.815899134    
 -0.361999989         0.750101388         0.811777115    
 -0.359999955         0.751720786         0.807648838    
 -0.357999980         0.753332019         0.803515375    
 -0.355999947         0.754934907         0.799375415    
 -0.353999972         0.756529510         0.795229912    
 -0.351999998         0.758115768         0.791078925    
 -0.349999964         0.759693801         0.786921978    
 -0.347999990         0.761263490         0.782759368    
 -0.345999956         0.762824893         0.778591096    
 -0.343999982         0.764377832         0.774417162    
 -0.341999948         0.765922487         0.770237386    
 -0.339999974         0.767458737         0.766052246    
 -0.337999940         0.768986702         0.761861622    
 -0.335999966         0.770506203         0.757665157    
 -0.333999991         0.772017300         0.753463507    
 -0.331999958         0.773520052         0.749256194    
 -0.329999983         0.775014341         0.745043635    
 -0.327999949         0.776500225         0.740825772    
 -0.325999975         0.777977705         0.736602306    
 -0.323999941         0.779446721         0.732373595    
 -0.321999967         0.780907214         0.728139400    
 -0.319999993         0.782359183         0.723900139    
 -0.317999959         0.783802748         0.719655752    
 -0.315999985         0.785237730         0.715405822    
 -0.313999951         0.786664426         0.711151242    
 -0.311999977         0.788082421         0.706890821    
 -0.309999943         0.789491951         0.702625513    
 -0.307999969         0.790892899         0.698355615    
 -0.305999994         0.792285442         0.694080353    
 -0.303999960         0.793669224         0.689799726    
 -0.301999986         0.795044541         0.685514212    
 -0.299999952         0.796411335         0.681223750    
 -0.297999978         0.797769487         0.676928759    
 -0.295999944         0.799118996         0.672628522    
 -0.293999970         0.800459981         0.668323815    
 -0.291999996         0.801792324         0.664014041    
 -0.289999962         0.803115964         0.659698963    
 -0.287999988         0.804431021         0.655379713    
 -0.285999954         0.805737495         0.651055217    
 -0.283999979         0.807035267         0.646726489    
 -0.281999946         0.808324456         0.642392993    
 -0.279999971         0.809604883         0.638054609    
 -0.277999938         0.810876667         0.633711874    
 -0.275999963         0.812139690         0.629364371    
 -0.273999989         0.813394070         0.625012636    
 -0.271999955         0.814639807         0.620655954    
 -0.269999981         0.815876663         0.616294801    
 -0.267999947         0.817104995         0.611930013    
 -0.265999973         0.818324447         0.607560039    
 -0.263999939         0.819535196         0.603185236    
 -0.261999965         0.820737183         0.598806918    
 -0.259999990         0.821930408         0.594424367    
 -0.257999957         0.823114872         0.590036929    
 -0.255999982         0.824290514         0.585645378    
 -0.253999949         0.825457454         0.581249714    
 -0.251999974         0.826615572         0.576849759    
 -0.249999940         0.827764869         0.572445750    
 -0.247999966         0.828905284         0.568037510    
 -0.245999992         0.830036998         0.563625336    
 -0.243999958         0.831159830         0.559208691    
 -0.241999984         0.832273781         0.554788232    
 -0.239999950         0.833378971         0.550363779    
 -0.237999976         0.834475279         0.545935631    
 -0.235999942         0.835562766         0.541502833    
 -0.233999968         0.836641312         0.537066638    
 -0.231999993         0.837710977         0.532626748    
 -0.229999959         0.838771820         0.528182566    
 -0.227999985         0.839823723         0.523734868    
 -0.225999951         0.840866685         0.519283175    
 -0.223999977         0.841900826         0.514827728    
 -0.221999943         0.842926025         0.510368764    
 -0.219999969         0.843942285         0.505906105    
 -0.217999935         0.844949663         0.501439631    
 -0.215999961         0.845948100         0.496969551    
 -0.213999987         0.846937537         0.492496133    
 -0.211999953         0.847918093         0.488018751    
 -0.209999979         0.848889649         0.483538210    
 -0.207999945         0.849852264         0.479054034    
 -0.205999970         0.850805819         0.474566489    
 -0.203999937         0.851750493         0.470075071    
 -0.201999962         0.852686107         0.465580702    
 -0.199999988         0.853612721         0.461082935    
 -0.197999954         0.854530394         0.456581831    
 -0.195999980         0.855439126         0.452077150    
 -0.193999946         0.856338739         0.447569937    
 -0.191999972         0.857229412         0.443058878    
 -0.189999938         0.858110964         0.438544601    
 -0.187999964         0.858983576         0.434027314    
 -0.185999990         0.859847128         0.429507017    
 -0.183999956         0.860701621         0.424983233    
 -0.181999981         0.861547053         0.420456588    
 -0.179999948         0.862383425         0.415927440    
 -0.177999973         0.863210738         0.411394686    
 -0.175999939         0.864028931         0.406858593    
 -0.173999965         0.864838123         0.402320325    
 -0.171999931         0.865638316         0.397778898    
 -0.169999957         0.866429269         0.393234432    
 -0.167999983         0.867211223         0.388687968    
 -0.165999949         0.867983997         0.384137928    
 -0.163999975         0.868747771         0.379585028    
 -0.161999941         0.869502366         0.375029176    
 -0.159999967         0.870247841         0.370471686    
 -0.157999933         0.870984256         0.365910769    
 -0.155999959         0.871711552         0.361347258    
 -0.153999984         0.872429729         0.356781065    
 -0.151999950         0.873138666         0.352212846    
 -0.149999976         0.873838544         0.347641528    
 -0.147999942         0.874529183         0.343067676    
 -0.145999968         0.875210702         0.338490814    
 -0.143999934         0.875883162         0.333912939    
 -0.141999960         0.876546383         0.329332203    
 -0.139999986         0.877200484         0.324748576    
 -0.137999952         0.877845466         0.320162773    
 -0.135999978         0.878481150         0.315575033    
 -0.133999944         0.879107714         0.310983658    
 -0.131999969         0.879725099         0.306392193    
 -0.129999936         0.880333304         0.301797211    
 -0.127999961         0.880932271         0.297199756    
 -0.125999987         0.881522059         0.292600751    
 -0.123999953         0.882102668         0.287999749    
 -0.121999979         0.882674038         0.283396512    
 -0.119999945         0.883236229         0.278791517    
 -0.117999971         0.883789241         0.274184495    
 -0.115999937         0.884333014         0.269574821    
 -0.113999963         0.884867489         0.264963835    
 -0.111999929         0.885392845         0.260350913    
 -0.109999955         0.885908902         0.255735785    
 -0.107999980         0.886415780         0.251119018    
 -0.105999947         0.886913359         0.246500030    
 -0.103999972         0.887401819         0.241879746    
 -0.101999938         0.887880981         0.237257451    
  -9.99999642E-02     0.888350785         0.232634157    
  -9.79999304E-02     0.888811469         0.228008360    
  -9.59999561E-02     0.889262795         0.223381072    
  -9.39999819E-02     0.889704943         0.218751550    
  -9.19999480E-02     0.890137792         0.214121461    
  -8.99999738E-02     0.890561461         0.209489509    
  -8.79999399E-02     0.890975833         0.204856560    
  -8.59999657E-02     0.891380906         0.200222000    
  -8.39999318E-02     0.891776681         0.195584789    
  -8.19999576E-02     0.892163157         0.190947279    
  -7.99999833E-02     0.892540455         0.186307445    
  -7.79999495E-02     0.892908514         0.181667671    
  -7.59999752E-02     0.893267155         0.177026004    
  -7.39999413E-02     0.893616617         0.172383741    
  -7.19999671E-02     0.893956721         0.167739958    
  -6.99999332E-02     0.894287527         0.163093165    
  -6.79999590E-02     0.894609094         0.158446670    
  -6.59999847E-02     0.894921243         0.153797507    
  -6.39999509E-02     0.895224273         0.149149239    
  -6.19999766E-02     0.895517826         0.144498855    
  -5.99999428E-02     0.895802200         0.139848351    
  -5.79999685E-02     0.896077335         0.135196239    
  -5.59999347E-02     0.896342993         0.130543768    
  -5.39999604E-02     0.896599472         0.125889063    
  -5.19999266E-02     0.896846592         0.121234842    
  -4.99999523E-02     0.897084355         0.116579093    
  -4.79999781E-02     0.897312939         0.111923657    
  -4.59999442E-02     0.897532105         0.107265778    
  -4.39999700E-02     0.897741914         0.102607660    
  -4.19999361E-02     0.897942543          9.79478210E-02
  -3.99999619E-02     0.898133814          9.32891667E-02
  -3.79999280E-02     0.898315668          8.86277631E-02
  -3.59999537E-02     0.898488343          8.39668065E-02
  -3.39999795E-02     0.898651600          7.93075487E-02
  -3.19999456E-02     0.898805499          7.46446401E-02
  -2.99999714E-02     0.898950100          6.99802265E-02
  -2.79999375E-02     0.899085462          6.53175190E-02
  -2.59999633E-02     0.899211347          6.06511906E-02
  -2.39999294E-02     0.899327993          5.59910089E-02
  -2.19999552E-02     0.899435341          5.13241217E-02
  -1.99999809E-02     0.899533272          4.66582552E-02
  -1.79999471E-02     0.899621964          4.19978946E-02
  -1.59999728E-02     0.899701357          3.73305120E-02
  -1.39999390E-02     0.899771333          3.26642059E-02
  -1.19999647E-02     0.899832010          2.80021951E-02
  -9.99993086E-03     0.899883270          2.33333763E-02
  -7.99995661E-03     0.899925232          1.86625998E-02
  -5.99998236E-03     0.899958014          1.40047632E-02
  -3.99994850E-03     0.899981320          9.33866482E-03
  -1.99997425E-03     0.899995267          4.64024395E-03
   0.00000000                     NaN                 NaN
   2.00009346E-03     0.899995267         -4.64040600E-03
   4.00006771E-03     0.899981320         -9.33882315E-03
   6.00004196E-03     0.899958014         -1.40048424E-02
   8.00001621E-03     0.899925232         -1.86626799E-02
   9.99999046E-03     0.899883270         -2.33334564E-02
   1.20000839E-02     0.899832010         -2.80023534E-02
   1.40000582E-02     0.899771333         -3.26643661E-02
   1.60000324E-02     0.899701238         -3.73233147E-02
   1.80000067E-02     0.899621964         -4.19979766E-02
   2.00001001E-02     0.899533272         -4.66584153E-02
   2.20000744E-02     0.899435341         -5.13242781E-02
   2.40000486E-02     0.899327993         -5.59911691E-02
   2.60000229E-02     0.899211347         -6.06512688E-02
   2.79999971E-02     0.899085462         -6.53175935E-02
   3.00000906E-02     0.898950040         -6.99803829E-02
   3.20000648E-02     0.898805499         -7.46447966E-02
   3.40000391E-02     0.898651540         -7.93076307E-02
   3.60000134E-02     0.898488343         -8.39668810E-02
   3.80001068E-02     0.898315668         -8.86280015E-02
   4.00000811E-02     0.898133755         -9.32893306E-02
   4.20000553E-02     0.897942543         -9.79479849E-02
   4.40000296E-02     0.897741914        -0.102607735    
   4.60000038E-02     0.897532105        -0.107265860    
   4.80000973E-02     0.897312939        -0.111923821    
   5.00000715E-02     0.897084355        -0.116579250    
   5.20000458E-02     0.896846533        -0.121234998    
   5.40000200E-02     0.896599472        -0.125889152    
   5.59999943E-02     0.896342993        -0.130543843    
   5.80000877E-02     0.896077275        -0.135196403    
   6.00000620E-02     0.895802200        -0.139848515    
   6.20000362E-02     0.895517826        -0.144499898    
   6.40000105E-02     0.895224214        -0.149149314    
   6.60001040E-02     0.894921243        -0.153799370    
   6.80000782E-02     0.894609094        -0.158446833    
   7.00000525E-02     0.894287527        -0.163093328    
   7.20000267E-02     0.893956721        -0.167740047    
   7.40000010E-02     0.893616617        -0.172383815    
   7.60000944E-02     0.893267155        -0.177026168    
   7.80000687E-02     0.892908454        -0.181669056    
   8.00000429E-02     0.892540455        -0.186308682    
   8.20000172E-02     0.892163157        -0.190947354    
   8.40001106E-02     0.891776681        -0.195585027    
   8.60000849E-02     0.891380847        -0.200222164    
   8.80000591E-02     0.890975833        -0.204857677    
   9.00000334E-02     0.890561402        -0.209489584    
   9.20000076E-02     0.890137792        -0.214121550    
   9.40001011E-02     0.889704883        -0.218751699    
   9.60000753E-02     0.889262795        -0.223381251    
   9.80000496E-02     0.888811409        -0.228008524    
  0.100000024         0.888350844        -0.232634246    
  0.101999998         0.887880981        -0.237257540    
  0.104000092         0.887401760        -0.241880596    
  0.106000066         0.886913359        -0.246500194    
  0.108000040         0.886415720        -0.251119107    
  0.110000014         0.885908902        -0.255735874    
  0.112000108         0.885392785        -0.260351151    
  0.114000082         0.884867489        -0.264963984    
  0.116000056         0.884333014        -0.269575536    
  0.118000031         0.883789241        -0.274185121    
  0.120000005         0.883236229        -0.278791606    
  0.122000098         0.882674038        -0.283396691    
  0.124000072         0.882102609        -0.288000375    
  0.126000047         0.881522059        -0.292601734    
  0.128000021         0.880932271        -0.297200739    
  0.129999995         0.880333304        -0.301797301    
  0.132000089         0.879725039        -0.306392342    
  0.134000063         0.879107654        -0.310984641    
  0.136000037         0.878481090        -0.315575093    
  0.138000011         0.877845347        -0.320162058    
  0.140000105         0.877200425        -0.324749500    
  0.142000079         0.876546383        -0.329332381    
  0.144000053         0.875883102        -0.333913088    
  0.146000028         0.875210702        -0.338491589    
  0.148000002         0.874529183        -0.343067765    
  0.150000095         0.873838484        -0.347641677    
  0.152000070         0.873138547        -0.352212340    
  0.154000044         0.872429669        -0.356781155    
  0.156000018         0.871711493        -0.361347318    
  0.158000112         0.870984197        -0.365911007    
  0.160000086         0.870247841        -0.370471835    
  0.162000060         0.869502306        -0.375029892    
  0.164000034         0.868747771        -0.379585117    
  0.166000009         0.867983997        -0.384138018    
  0.168000102         0.867211103        -0.388687611    
  0.170000076         0.866429210        -0.393235087    
  0.172000051         0.865638316        -0.397779554    
  0.174000025         0.864838123        -0.402320415    
  0.175999999         0.864028931        -0.406858683    
  0.178000093         0.863210678        -0.411394835    
  0.180000067         0.862383425        -0.415927619    
  0.182000041         0.861546993        -0.420456648    
  0.184000015         0.860701561        -0.424983293    
  0.186000109         0.859847069        -0.429507583    
  0.188000083         0.858983576        -0.434027880    
  0.190000057         0.858110964        -0.438545167    
  0.192000031         0.857229352        -0.443058938    
  0.194000006         0.856338739        -0.447570026    
  0.196000099         0.855439067        -0.452077687    
  0.198000073         0.854530394        -0.456582010    
  0.200000048         0.853612721        -0.461083025    
  0.202000022         0.852686048        -0.465581119    
  0.204000115         0.851750433        -0.470075667    
  0.206000090         0.850805759        -0.474566638    
  0.208000064         0.849852145        -0.479053855    
  0.210000038         0.848889589        -0.483538270    
  0.212000012         0.847918093        -0.488019139    
  0.214000106         0.846937478        -0.492496312    
  0.216000080         0.845948040        -0.496969670    
  0.218000054         0.844949603        -0.501439750    
  0.220000029         0.843942285        -0.505906165    
  0.222000003         0.842926085        -0.510368824    
  0.224000096         0.841900766        -0.514828205    
  0.226000071         0.840866625        -0.519283354    
  0.228000045         0.839823723        -0.523735225    
  0.230000019         0.838771760        -0.528182924    
  0.232000113         0.837710917        -0.532626927    
  0.234000087         0.836641252        -0.537067056    
  0.236000061         0.835562706        -0.541503251    
  0.238000035         0.834475219        -0.545935690    
  0.240000010         0.833378911        -0.550363898    
  0.242000103         0.832273722        -0.554788589    
  0.244000077         0.831159830        -0.559209108    
  0.246000051         0.830036938        -0.563625216    
  0.248000026         0.828905284        -0.568037629    
  0.250000000         0.827764869        -0.572445810    
  0.252000093         0.826615512        -0.576849937    
  0.254000068         0.825457335        -0.581249833    
  0.256000042         0.824290514        -0.585645497    
  0.258000016         0.823114812        -0.590036988    
  0.260000110         0.821930289        -0.594424069    
  0.262000084         0.820737183        -0.598807454    
  0.264000058         0.819535136        -0.603185773    
  0.266000032         0.818324447        -0.607560098    
  0.268000007         0.817104936        -0.611930132    
  0.270000100         0.815876603        -0.616295338    
  0.272000074         0.814639747        -0.620656490    
  0.274000049         0.813394070        -0.625013053    
  0.276000023         0.812139690        -0.629364848    
  0.278000116         0.810876548        -0.633712471    
  0.280000091         0.809604824        -0.638055146    
  0.282000065         0.808324397        -0.642393470    
  0.284000039         0.807035208        -0.646726549    
  0.286000013         0.805737495        -0.651055276    
  0.288000107         0.804431021        -0.655379891    
  0.290000081         0.803115904        -0.659699142    
  0.292000055         0.801792264        -0.664014101    
  0.294000030         0.800459921        -0.668323874    
  0.296000004         0.799118936        -0.672628939    
  0.298000097         0.797769308        -0.676928878    
  0.300000072         0.796411276        -0.681224227    
  0.302000046         0.795044482        -0.685514569    
  0.304000020         0.793669224        -0.689799845    
  0.306000113         0.792285204        -0.694080114    
  0.308000088         0.790892839        -0.698355734    
  0.310000062         0.789491892        -0.702625632    
  0.312000036         0.788082361        -0.706890941    
  0.314000010         0.786664367        -0.711151004    
  0.316000104         0.785237730        -0.715406001    
  0.318000078         0.783802748        -0.719656229    
  0.320000052         0.782359123        -0.723900437    
  0.322000027         0.780907154        -0.728139520    
  0.324000120         0.779446602        -0.732374132    
  0.326000094         0.777977586        -0.736602426    
  0.328000069         0.776500165        -0.740825593    
  0.330000043         0.775014341        -0.745043755    
  0.332000017         0.773519993        -0.749256313    
  0.334000111         0.772017241        -0.753463924    
  0.336000085         0.770506084        -0.757665277    
  0.338000059         0.768986583        -0.761861503    
  0.340000033         0.767458737        -0.766052365    
  0.342000008         0.765922487        -0.770237446    
  0.344000101         0.764377713        -0.774417281    
  0.346000075         0.762824714        -0.778590977    
  0.348000050         0.761263490        -0.782759428    
  0.350000024         0.759693742        -0.786922038    
  0.352000117         0.758115649        -0.791079283    
  0.354000092         0.756529391        -0.795230269    
  0.356000066         0.754934847        -0.799375772    
  0.358000040         0.753331959        -0.803515494    
  0.360000014         0.751720786        -0.807649136    
  0.362000108         0.750101268        -0.811777472    
  0.364000082         0.748473585        -0.815899253    
  0.366000056         0.746837735        -0.820015550    
  0.368000031         0.745193601        -0.824125469    
  0.370000124         0.743541181        -0.828229785    
  0.372000098         0.741880596        -0.832328081    
  0.374000072         0.740211844        -0.836420238    
  0.376000047         0.738534987        -0.840506434    
  0.378000021         0.736849904        -0.844586253    
  0.380000114         0.735156536        -0.848660290    
  0.382000089         0.733455181        -0.852727890    
  0.384000063         0.731745720        -0.856789470    
  0.386000037         0.730028152        -0.860844731    
  0.388000011         0.728302419        -0.864893794    
  0.390000105         0.726568520        -0.868936658    
  0.392000079         0.724826634        -0.872973025    
  0.394000053         0.723076701        -0.877003074    
  0.396000028         0.721318662        -0.881026685    
  0.398000121         0.719552457        -0.885044456    
  0.400000095         0.717778385        -0.889055014    
  0.402000070         0.715996325        -0.893059552    
  0.404000044         0.714206159        -0.897057176    
  0.406000018         0.712408125        -0.901048779    
  0.408000112         0.710601926        -0.905033708    
  0.410000086         0.708787978        -0.909011900    
  0.412000060         0.706966043        -0.912983835    
  0.414000034         0.705136061        -0.916948676    
  0.416000009         0.703298211        -0.920907199    
  0.418000102         0.701452374        -0.924858928    
  0.420000076         0.699598730        -0.928803921    
  0.422000051         0.697737217        -0.932742059    
  0.424000025         0.695867836        -0.936673403    
  0.426000118         0.693990469        -0.940598190    
  0.428000093         0.692105353        -0.944515944    
  0.430000067         0.690212488        -0.948426783    
  0.432000041         0.688311696        -0.952330768    
  0.434000015         0.686403155        -0.956227720    
  0.436000109         0.684486747        -0.960117877    
  0.438000083         0.682562590        -0.964001000    
  0.440000057         0.680630803        -0.967877150    
  0.442000031         0.678691208        -0.971746087    
  0.444000125         0.676743805        -0.975608230    
  0.446000099         0.674788713        -0.979462981    
  0.448000073         0.672825933        -0.983310759    
  0.450000048         0.670855522        -0.987151265    
  0.452000022         0.668877363        -0.990984559    
  0.454000115         0.666891515        -0.994810820    
  0.456000090         0.664898098        -0.998629689    
  0.458000064         0.662897050         -1.00244129    
  0.460000038         0.660888374         -1.00624561    
  0.462000012         0.658872128         -1.01004243    
  0.464000106         0.656848133         -1.01383221    
  0.466000080         0.654816747         -1.01761448    
  0.468000054         0.652777731         -1.02138913    
  0.470000029         0.650731206         -1.02515650    
  0.472000122         0.648677051         -1.02891648    
  0.474000096         0.646615505         -1.03266883    
  0.476000071         0.644546390         -1.03641367    
  0.478000045         0.642469883         -1.04015100    
  0.480000019         0.640385866         -1.04388058    
  0.482000113         0.638294280         -1.04760277    
  0.484000087         0.636195421         -1.05131733    
  0.486000061         0.634089112         -1.05502391    
  0.488000035         0.631975353         -1.05872273    
  0.490000129         0.629854143         -1.06241441    
  0.492000103         0.627725661         -1.06609786    
  0.494000077         0.625589848         -1.06977367    
  0.496000051         0.623446643         -1.07344162    
  0.498000026         0.621296108         -1.07710171    
  0.500000119         0.619138122         -1.08075404    
  0.502000093         0.616973042         -1.08439839    
  0.504000068         0.614800692         -1.08803475    
  0.506000042         0.612620950         -1.09166312    
  0.508000016         0.610434055         -1.09528363    
  0.510000110         0.608239710         -1.09889627    
  0.512000084         0.606038392         -1.10250068    
  0.514000058         0.603829801         -1.10609698    
  0.516000032         0.601614058         -1.10968542    
  0.518000126         0.599391043         -1.11326575    
  0.520000100         0.597160935         -1.11683774    
  0.522000074         0.594923735         -1.12040162    
  0.524000049         0.592679381         -1.12395728    
  0.526000023         0.590427935         -1.12750471    
  0.528000116         0.588169277         -1.13104403    
  0.530000091         0.585903645         -1.13457477    
  0.532000065         0.583631039         -1.13809752    
  0.534000039         0.581351399         -1.14161181    
  0.536000013         0.579064608         -1.14511752    
  0.538000107         0.576770842         -1.14861536    
  0.540000081         0.574470103         -1.15210450    
  0.542000055         0.572162449         -1.15558505    
  0.544000030         0.569847941         -1.15905738    
  0.546000123         0.567526162         -1.16252100    
  0.548000097         0.565197647         -1.16597617    
  0.550000072         0.562862396         -1.16942310    
  0.552000046         0.560520053         -1.17286110    
  0.554000020         0.558170974         -1.17629027    
  0.556000113         0.555814803         -1.17971158    
  0.558000088         0.553452075         -1.18312371    
  0.560000062         0.551082373         -1.18652713    
  0.562000036         0.548705935         -1.18992186    
  0.564000130         0.546322584         -1.19330812    
  0.566000104         0.543932736         -1.19668555    
  0.568000078         0.541535974         -1.20005405    
  0.570000052         0.539132535         -1.20341372    
  0.572000027         0.536722362         -1.20676458    
  0.574000120         0.534305453         -1.21010709    
  0.576000094         0.531881869         -1.21344006    
  0.578000069         0.529451668         -1.21676421    
  0.580000043         0.527014971         -1.22007978    
  0.582000017         0.524571478         -1.22338593    
  0.584000111         0.522121310         -1.22668350    
  0.586000085         0.519664645         -1.22997177    
  0.588000059         0.517201424         -1.23325098    
  0.590000033         0.514731646         -1.23652124    
  0.592000127         0.512255371         -1.23978269    
  0.594000101         0.509772480         -1.24303472    
  0.596000075         0.507283270         -1.24627769    
  0.598000050         0.504787505         -1.24951136    
  0.600000024         0.502285242         -1.25273585    
  0.602000117         0.499776483         -1.25595140    
  0.604000092         0.497261345         -1.25915730    
  0.606000066         0.494739890         -1.26235425    
  0.608000040         0.492211998         -1.26554179    
  0.610000134         0.489677608         -1.26872015    
  0.612000108         0.487137020         -1.27188897    
  0.614000082         0.484590173         -1.27504849    
  0.616000056         0.482036948         -1.27819860    
  0.618000031         0.479477465         -1.28133917    
  0.620000124         0.476911545         -1.28447068    
  0.622000098         0.474339485         -1.28759241    
  0.624000072         0.471761227         -1.29070485    
  0.626000047         0.469176710         -1.29380751    
  0.628000021         0.466585994         -1.29690075    
  0.630000114         0.463988960         -1.29998446    
  0.632000089         0.461386025         -1.30305862    
  0.634000063         0.458776891         -1.30612314    
  0.636000037         0.456161618         -1.30917811    
  0.638000131         0.453540087         -1.31222343    
  0.640000105         0.450912595         -1.31525886    
  0.642000079         0.448279142         -1.31828475    
  0.644000053         0.445639610         -1.32130075    
  0.646000028         0.442993939         -1.32430708    
  0.648000121         0.440342307         -1.32730377    
  0.650000095         0.437684655         -1.33029056    
  0.652000070         0.435021162         -1.33326745    
  0.654000044         0.432351768         -1.33623469    
  0.656000137         0.429676116         -1.33919191    
  0.658000112         0.426994860         -1.34213912    
  0.660000086         0.424307704         -1.34507656    
  0.662000060         0.421614587         -1.34800398    
  0.664000034         0.418915749         -1.35092139    
  0.666000128         0.416210830         -1.35382903    
  0.668000102         0.413500369         -1.35672653    
  0.670000076         0.410784006         -1.35961390    
  0.672000051         0.408061922         -1.36249125    
  0.674000025         0.405334115         -1.36535847    
  0.676000118         0.402600408         -1.36821592    
  0.678000093         0.399861217         -1.37106299    
  0.680000067         0.397116303         -1.37389970    
  0.682000041         0.394365668         -1.37672651    
  0.684000134         0.391609311         -1.37954319    
  0.686000109         0.388847411         -1.38234937    
  0.688000083         0.386080027         -1.38514555    
  0.690000057         0.383306921         -1.38793135    
  0.692000031         0.380528331         -1.39070678    
  0.694000125         0.377744019         -1.39347208    
  0.696000099         0.374954343         -1.39622700    
  0.698000073         0.372159183         -1.39897156    
  0.700000048         0.369358540         -1.40170562    
  0.702000022         0.366552413         -1.40442932    
  0.704000115         0.363740683         -1.40714276    
  0.706000090         0.360923767         -1.40984559    
  0.708000064         0.358101428         -1.41253805    
  0.710000038         0.355273724         -1.41521978    
  0.712000132         0.352440476         -1.41789138    
  0.714000106         0.349602044         -1.42055237    
  0.716000080         0.346758366         -1.42320251    
  0.718000054         0.343909323         -1.42584217    
  0.720000029         0.341055036         -1.42847133    
  0.722000122         0.338195324         -1.43109012    
  0.724000096         0.335330606         -1.43369806    
  0.726000071         0.332460642         -1.43629515    
  0.728000045         0.329585493         -1.43888164    
  0.730000138         0.326704979         -1.44145763    
  0.732000113         0.323819578         -1.44402277    
  0.734000087         0.320928991         -1.44657707    
  0.736000061         0.318033397         -1.44912076    
  0.738000035         0.315132618         -1.45165336    
  0.740000129         0.312226593         -1.45417559    
  0.742000103         0.309315801         -1.45668674    
  0.744000077         0.306399941         -1.45918691    
  0.746000051         0.303479135         -1.46167636    
  0.748000026         0.300553381         -1.46415496    
  0.750000119         0.297622442         -1.46662259    
  0.752000093         0.294686735         -1.46907926    
  0.754000068         0.291746199         -1.47152507    
  0.756000042         0.288800716         -1.47395980    
  0.758000135         0.285850227         -1.47638369    
  0.760000110         0.282895088         -1.47879636    
  0.762000084         0.279935122         -1.48119807    
  0.764000058         0.276970446         -1.48358870    
  0.766000032         0.274000883         -1.48596823    
  0.768000126         0.271026433         -1.48833680    
  0.770000100         0.268047452         -1.49069417    
  0.772000074         0.265063763         -1.49304044    
  0.774000049         0.262075305         -1.49537539    
  0.776000142         0.259082139         -1.49769950    
  0.778000116         0.256084502         -1.50001204    
  0.780000091         0.253082156         -1.50231361    
  0.782000065         0.250075281         -1.50460374    
  0.784000039         0.247063830         -1.50688267    
  0.786000133         0.244047716         -1.50915051    
  0.788000107         0.241027191         -1.51140702    
  0.790000081         0.238002107         -1.51365185    
  0.792000055         0.234972641         -1.51588571    
  0.794000030         0.231938645         -1.51810801    
  0.796000123         0.228900090         -1.52031922    
  0.798000097         0.225857332         -1.52251887    
  0.800000072         0.222810134         -1.52470708    
  0.802000046         0.219758555         -1.52688372    
  0.804000139         0.216702476         -1.52904916    
  0.806000113         0.213642254         -1.53120315    
  0.808000088         0.210577741         -1.53334546    
  0.810000062         0.207508996         -1.53547633    
  0.812000036         0.204435930         -1.53759563    
  0.814000130         0.201358512         -1.53970361    
  0.816000104         0.198277041         -1.54179990    
  0.818000078         0.195191398         -1.54388440    
  0.820000052         0.192101613         -1.54595757    
  0.822000146         0.189007476         -1.54801917    
  0.824000120         0.185909435         -1.55006897    
  0.826000094         0.182807282         -1.55210710    
  0.828000069         0.179701075         -1.55413353    
  0.830000043         0.176590845         -1.55614829    
  0.832000136         0.173476413         -1.55815160    
  0.834000111         0.170358136         -1.56014299    
  0.836000085         0.167235866         -1.56212258    
  0.838000059         0.164109722         -1.56409049    
  0.840000033         0.160979614         -1.56604660    
  0.842000127         0.157845423         -1.56799090    
  0.844000101         0.154707536         -1.56992340    
  0.846000075         0.151565835         -1.57184410    
  0.848000050         0.148420244         -1.57375288    
  0.850000143         0.145270705         -1.57564986    
  0.852000117         0.142117545         -1.57753491    
  0.854000092         0.138960645         -1.57940805    
  0.856000066         0.135800034         -1.58126938    
  0.858000040         0.132635668         -1.58311868    
  0.860000134         0.129467443         -1.58495617    
  0.862000108         0.126295745         -1.58678150    
  0.864000082         0.123120427         -1.58859491    
  0.866000056         0.119941488         -1.59039629    
  0.868000031         0.116758928         -1.59218574    
  0.870000124         0.113572642         -1.59396315    
  0.872000098         0.110383004         -1.59572852    
  0.874000072         0.107189789         -1.59748161    
  0.876000047         0.103993148         -1.59922278    
  0.878000140         0.100792795         -1.60095191    
  0.880000114          9.75892544E-02     -1.60266888    
  0.882000089          9.43821967E-02     -1.60437369    
  0.884000063          9.11718160E-02     -1.60606635    
  0.886000037          8.79580379E-02     -1.60774684    
  0.888000131          8.47407281E-02     -1.60941517    
  0.890000105          8.15202892E-02     -1.61107135    
  0.892000079          7.82965571E-02     -1.61271524    
  0.894000053          7.50695020E-02     -1.61434698    
  0.896000147          7.18390495E-02     -1.61596644    
  0.898000121          6.86055422E-02     -1.61757362    
  0.900000095          6.53688461E-02     -1.61916852    
  0.902000070          6.21289760E-02     -1.62075102    
  0.904000044          5.88859320E-02     -1.62232137    
  0.906000137          5.56395948E-02     -1.62387943    
  0.908000112          5.23903221E-02     -1.62542510    
  0.910000086          4.91379946E-02     -1.62695837    
  0.912000060          4.58825529E-02     -1.62847924    
  0.914000034          4.26241606E-02     -1.62998784    
  0.916000128          3.93625051E-02     -1.63148403    
  0.918000102          3.60981077E-02     -1.63296783    
  0.920000076          3.28307450E-02     -1.63443899    
  0.922000051          2.95604616E-02     -1.63589787    
  0.924000144          2.62870491E-02     -1.63734448    
  0.926000118          2.30109617E-02     -1.63877845    
  0.928000093          1.97320208E-02     -1.64019978    
  0.930000067          1.64502785E-02     -1.64160883    
  0.932000041          1.31656751E-02     -1.64300513    
  0.934000134          9.87815857E-03     -1.64438927    
  0.936000109          6.58803433E-03     -1.64576054    
  0.938000083          3.29521298E-03     -1.64711928    
  0.940000057         -3.65078449E-07     -1.64846563    
  0.942000151         -3.29875946E-03     -1.64979935    
  0.944000125         -6.59964979E-03     -1.65112042    
  0.946000099         -9.90315527E-03     -1.65242887    
  0.948000073         -1.32092535E-02     -1.65372467    
  0.950000048         -1.65179744E-02     -1.65500784    
  0.952000141         -1.98293850E-02     -1.65627861    
  0.954000115         -2.31431648E-02     -1.65753639    
  0.956000090         -2.64594853E-02     -1.65878165    
  0.958000064         -2.97782198E-02     -1.66001403    
  0.960000038         -3.30994055E-02     -1.66123390    
  0.962000132         -3.64232510E-02     -1.66244102    
  0.964000106         -3.97492871E-02     -1.66363537    
  0.966000080         -4.30776887E-02     -1.66481698    
  0.968000054         -4.64084819E-02     -1.66598570    
  0.970000148         -4.97417375E-02     -1.66714191    
  0.972000122         -5.30771278E-02     -1.66828525    
  0.974000096         -5.64147867E-02     -1.66941559    
  0.976000071         -5.97547293E-02     -1.67053342    
  0.978000045         -6.30968362E-02     -1.67163825    
  0.980000138         -6.64413720E-02     -1.67273033    
  0.982000113         -6.97878748E-02     -1.67380953    
  0.984000087         -7.31365159E-02     -1.67487574    
  0.986000061         -7.64872581E-02     -1.67592931    
  0.988000035         -7.98401386E-02     -1.67696977    
  0.990000129         -8.31952766E-02     -1.67799759    
  0.992000103         -8.65522400E-02     -1.67901218    
  0.994000077         -8.99112150E-02     -1.68001413    
  0.996000051         -9.32721645E-02     -1.68100297    
  0.998000145         -9.66353267E-02     -1.68197906    
   1.00000000        -0.100000009         -1.68294191    
