  0.442157567         0.999405742    
  0.884315133         0.998811424    
   1.32647264         0.998216987    
   1.76863027         0.997622371    
   2.21078777         0.997027755    
   2.65294528         0.996433020    
   3.09510279         0.995838106    
   3.53726053         0.995243132    
   3.97941804         0.994648099    
   4.42157555         0.994052947    
   4.86373329         0.993457675    
   5.30589056         0.992862284    
   5.74804783         0.992266774    
   6.19020557         0.991671205    
   6.63236332         0.991075516    
   7.07452106         0.990479648    
   7.51667833         0.989883780    
   7.95883608         0.989287734    
   8.40099335         0.988691628    
   8.84315109         0.988095343    
   9.28530884         0.987498999    
   9.72746658         0.986902535    
   10.1696243         0.986306012    
   10.6117811         0.985709310    
   11.0539389         0.985112548    
   11.4960957         0.984515607    
   11.9382534         0.983918607    
   12.3804111         0.983321428    
   12.8225689         0.982724190    
   13.2647266         0.982126892    
   13.7068844         0.981529355    
   14.1490421         0.980931818    
   14.5911989         0.980334103    
   15.0333567         0.979736269    
   15.4755135         0.979138315    
   15.9176722         0.978540301    
   16.3598289         0.977942109    
   16.8019867         0.977343798    
   17.2441444         0.976745427    
   17.6863022         0.976146877    
   18.1284599         0.975548267    
   18.5706177         0.974949479    
   19.0127754         0.974350631    
   19.4549332         0.973751605    
   19.8970890         0.973152518    
   20.3392487         0.972553253    
   20.7814045         0.971953869    
   21.2235622         0.971354365    
   21.6657200         0.970754802    
   22.1078777         0.970155060    
   22.5500355         0.969555199    
   22.9921913         0.968955219    
   23.4343510         0.968355119    
   23.8765068         0.967754841    
   24.3186665         0.967154503    
   24.7608223         0.966553986    
   25.2029800         0.965953410    
   25.6451378         0.965352654    
   26.0872955         0.964751780    
   26.5294533         0.964150786    
   26.9716110         0.963549674    
   27.4137688         0.962948442    
   27.8559246         0.962347031    
   28.2980843         0.961745501    
   28.7402420         0.961143911    
   29.1823978         0.960542083    
   29.6245556         0.959940195    
   30.0667133         0.959338129    
   30.5088730         0.958735943    
   30.9510269         0.958133698    
   31.3931866         0.957531214    
   31.8353443         0.956928670    
   32.2775040         0.956325948    
   32.7196579         0.955723107    
   33.1618156         0.955120087    
   33.6039734         0.954517007    
   34.0461349         0.953913748    
   34.4882889         0.953310311    
   34.9304466         0.952706814    
   35.3726044         0.952103138    
   35.8147583         0.951499343    
   36.2569199         0.950895369    
   36.6990776         0.950291276    
   37.1412354         0.949687064    
   37.5833893         0.949082673    
   38.0255508         0.948478162    
   38.4677086         0.947873533    
   38.9098663         0.947268724    
   39.3520203         0.946663797    
   39.7941780         0.946058691    
   40.2363396         0.945453465    
   40.6784973         0.944848120    
   41.1206512         0.944242597    
   41.5628090         0.943636894    
   42.0049667         0.943031132    
   42.4471245         0.942425132    
   42.8892822         0.941819072    
   43.3314400         0.941212773    
   43.7735977         0.940606415    
   44.2157555         0.939999819    
   44.6579132         0.939393163    
   45.1000710         0.938786268    
   45.5422287         0.938179314    
   45.9843826         0.937572122    
   46.4265442         0.936964869    
   46.8687019         0.936357379    
   47.3108597         0.935749769    
   47.7530136         0.935142040    
   48.1951714         0.934534073    
   48.6373329         0.933925986    
   49.0794907         0.933317780    
   49.5216446         0.932709396    
   49.9638023         0.932100892    
   50.4059601         0.931492209    
   50.8481178         0.930883348    
   51.2902756         0.930274308    
   51.7324333         0.929665148    
   52.1745911         0.929055810    
   52.6167488         0.928446352    
   53.0589066         0.927836716    
   53.5010643         0.927226901    
   53.9432220         0.926616967    
   54.3853798         0.926006794    
   54.8275375         0.925396502    
   55.2696915         0.924786031    
   55.7118492         0.924175441    
   56.1540070         0.923564672    
   56.5961685         0.922953725    
   57.0383263         0.922342598    
   57.4804840         0.921731353    
   57.9226418         0.921119869    
   58.3647957         0.920508265    
   58.8069534         0.919896543    
   59.2491112         0.919284582    
   59.6912689         0.918672502    
   60.1334267         0.918060184    
   60.5755844         0.917447746    
   61.0177460         0.916835129    
   61.4599037         0.916222334    
   61.9020538         0.915609360    
   62.3442116         0.914996207    
   62.7863731         0.914382935    
   63.2285309         0.913769424    
   63.6706886         0.913155794    
   64.1128464         0.912541986    
   64.5550079         0.911927938    
   64.9971542         0.911313772    
   65.4393158         0.910699427    
   65.8814774         0.910084903    
   66.3236313         0.909470201    
   66.7657928         0.908855319    
   67.2079468         0.908240199    
   67.6501083         0.907624960    
   68.0922699         0.907009542    
   68.5344162         0.906393945    
   68.9765778         0.905778170    
   69.4187317         0.905162215    
   69.8608932         0.904546022    
   70.3030548         0.903929710    
   70.7452087         0.903313220    
   71.1873703         0.902696490    
   71.6295166         0.902079642    
   72.0716782         0.901462555    
   72.5138397         0.900845289    
   72.9559937         0.900227904    
   73.3981552         0.899610221    
   73.8403091         0.898992419    
   74.2824707         0.898374438    
   74.7246323         0.897756219    
   75.1667786         0.897137880    
   75.6089401         0.896519303    
   76.0511017         0.895900548    
   76.4932556         0.895281613    
   76.9354172         0.894662440    
   77.3775711         0.894043088    
   77.8197327         0.893423557    
   78.2618866         0.892803848    
   78.7040405         0.892183959    
   79.1462021         0.891563833    
   79.5883560         0.890943527    
   80.0305176         0.890322983    
   80.4726791         0.889702320    
   80.9148331         0.889081419    
   81.3569946         0.888460338    
   81.7991409         0.887839019    
   82.2413025         0.887217522    
   82.6834641         0.886595845    
   83.1256180         0.885973930    
   83.5677795         0.885351837    
   84.0099335         0.884729564    
   84.4520950         0.884106994    
   84.8942490         0.883484304    
   85.3364029         0.882861435    
   85.7785645         0.882238328    
   86.2207184         0.881614983    
   86.6628799         0.880991459    
   87.1050415         0.880367756    
   87.5471954         0.879743755    
   87.9893570         0.879119635    
   88.4315109         0.878495276    
   88.8736649         0.877870679    
   89.3158264         0.877245963    
   89.7579803         0.876620948    
   90.2001419         0.875995755    
   90.6423035         0.875370324    
   91.0844574         0.874744713    
   91.5266190         0.874118865    
   91.9687653         0.873492837    
   92.4109268         0.872866571    
   92.8530884         0.872240067    
   93.2952423         0.871613383    
   93.7374039         0.870986462    
   94.1795578         0.870359302    
   94.6217194         0.869731963    
   95.0638733         0.869104385    
   95.5060272         0.868476629    
   95.9481888         0.867848635    
   96.3903427         0.867220342    
   96.8325043         0.866591930    
   97.2746658         0.865963221    
   97.7168198         0.865334332    
   98.1589813         0.864705205    
   98.6011353         0.864075899    
   99.0432892         0.863446295    
   99.4854507         0.862816513    
   99.9276047         0.862186491    
   100.369766         0.861556232    
   100.811920         0.860925734    
   101.254082         0.860295057    
   101.696236         0.859664083    
   102.138390         0.859032929    
   102.580551         0.858401537    
   103.022713         0.857769907    
   103.464867         0.857138038    
   103.907028         0.856505930    
   104.349182         0.855873585    
   104.791344         0.855241001    
   105.233498         0.854608238    
   105.675652         0.853975177    
   106.117813         0.853341937    
   106.559967         0.852708399    
   107.002129         0.852074623    
   107.444290         0.851440668    
   107.886444         0.850806415    
   108.328598         0.850171983    
   108.770760         0.849537253    
   109.212914         0.848902225    
   109.655075         0.848267078    
   110.097229         0.847631633    
   110.539383         0.846995950    
   110.981544         0.846360028    
   111.423698         0.845723808    
   111.865868         0.845087409    
   112.308014         0.844450712    
   112.750183         0.843813777    
   113.192337         0.843176603    
   113.634483         0.842539191    
   114.076653         0.841901541    
   114.518799         0.841263652    
   114.960968         0.840625405    
   115.403122         0.839986980    
   115.845284         0.839348316    
   116.287437         0.838709354    
   116.729591         0.838070214    
   117.171753         0.837430775    
   117.613907         0.836791039    
   118.056068         0.836151063    
   118.498222         0.835510850    
   118.940384         0.834870338    
   119.382538         0.834229648    
   119.824707         0.833588600    
   120.266853         0.832947314    
   120.709007         0.832305789    
   121.151169         0.831664026    
   121.593323         0.831022024    
   122.035492         0.830379605    
   122.477638         0.829737067    
   122.919807         0.829094231    
   123.361961         0.828451097    
   123.804108         0.827807724    
   124.246277         0.827164054    
   124.688423         0.826520145    
   125.130592         0.825875878    
   125.572746         0.825231433    
   126.014908         0.824586689    
   126.457062         0.823941648    
   126.899208         0.823296368    
   127.341377         0.822650790    
   127.783531         0.822004974    
   128.225693         0.821358800    
   128.667847         0.820712447    
   129.110016         0.820065737    
   129.552170         0.819418788    
   129.994308         0.818771541    
   130.436478         0.818124056    
   130.878632         0.817476213    
   131.320801         0.816828132    
   131.762955         0.816179752    
   132.205109         0.815531135    
   132.647263         0.814882159    
   133.089432         0.814232886    
   133.531586         0.813583374    
   133.973740         0.812933624    
   134.415894         0.812283516    
   134.858047         0.811633170    
   135.300217         0.810982466    
   135.742371         0.810331464    
   136.184540         0.809680223    
   136.626678         0.809028685    
   137.068832         0.808376849    
   137.511002         0.807724655    
   137.953156         0.807072222    
   138.395325         0.806419492    
   138.837463         0.805766463    
   139.279633         0.805113077    
   139.721786         0.804459453    
   140.163940         0.803805530    
   140.606110         0.803151309    
   141.048248         0.802496791    
   141.490417         0.801841855    
   141.932571         0.801186740    
   142.374741         0.800531268    
   142.816895         0.799875498    
   143.259033         0.799219429    
   143.701202         0.798563063    
   144.143356         0.797906339    
   144.585526         0.797249317    
   145.027679         0.796591997    
   145.469833         0.795934379    
   145.911987         0.795276463    
   146.354156         0.794618189    
   146.796310         0.793959618    
   147.238464         0.793300748    
   147.680618         0.792641521    
   148.122772         0.791981995    
   148.564941         0.791322172    
   149.007095         0.790661991    
   149.449265         0.790001452    
   149.891403         0.789340675    
   150.333557         0.788679540    
   150.775726         0.788018048    
   151.217880         0.787356257    
   151.660049         0.786694109    
   152.102203         0.786031723    
   152.544357         0.785368919    
   152.986511         0.784705877    
   153.428665         0.784042418    
   153.870834         0.783378661    
   154.312988         0.782714486    
   154.755142         0.782050073    
   155.197296         0.781385303    
   155.639465         0.780720174    
   156.081619         0.780054808    
   156.523773         0.779389024    
   156.965927         0.778722882    
   157.408081         0.778056443    
   157.850250         0.777389586    
   158.292404         0.776722491    
   158.734573         0.776054978    
   159.176712         0.775387108    
   159.618881         0.774718940    
   160.061035         0.774050415    
   160.503189         0.773381531    
   160.945358         0.772712350    
   161.387497         0.772042751    
   161.829666         0.771372855    
   162.271820         0.770702541    
   162.713989         0.770031929    
   163.156143         0.769360900    
   163.598282         0.768689573    
   164.040451         0.768017888    
   164.482605         0.767345786    
   164.924774         0.766673386    
   165.366928         0.766000628    
   165.809082         0.765327454    
   166.251236         0.764653981    
   166.693390         0.763980150    
   167.135559         0.763305843    
   167.577713         0.762631297    
   168.019867         0.761956275    
   168.462021         0.761280954    
   168.904190         0.760605216    
   169.346344         0.759929180    
   169.788498         0.759252727    
   170.230652         0.758575916    
   170.672806         0.757898688    
   171.114975         0.757221103    
   171.557129         0.756543159    
   171.999298         0.755864799    
   172.441437         0.755186141    
   172.883606         0.754507065    
   173.325760         0.753827572    
   173.767914         0.753147721    
   174.210083         0.752467453    
   174.652237         0.751786828    
   175.094391         0.751105845    
   175.536545         0.750424385    
   175.978714         0.749742627    
   176.420868         0.749060452    
   176.863022         0.748377860    
   177.305176         0.747694910    
   177.747330         0.747011542    
   178.189499         0.746327758    
   178.631653         0.745643616    
   179.073807         0.744959116    
   179.515961         0.744274139    
   179.958115         0.743588805    
   180.400284         0.742902994    
   180.842438         0.742216825    
   181.284607         0.741530299    
   181.726746         0.740843356    
   182.168915         0.740155935    
   182.611069         0.739468157    
   183.053238         0.738779902    
   183.495392         0.738091350    
   183.937531         0.737402380    
   184.379700         0.736712873    
   184.821854         0.736023068    
   185.264023         0.735332787    
   185.706177         0.734642088    
   186.148331         0.733950973    
   186.590485         0.733259499    
   187.032639         0.732567549    
   187.474808         0.731875122    
   187.916962         0.731182337    
   188.359116         0.730489075    
   188.801270         0.729795456    
   189.243439         0.729101360    
   189.685593         0.728406847    
   190.127747         0.727711856    
   190.569901         0.727016568    
   191.012054         0.726320744    
   191.454224         0.725624442    
   191.896378         0.724927783    
   192.338547         0.724230587    
   192.780685         0.723533034    
   193.222839         0.722835064    
   193.665009         0.722136557    
   194.107162         0.721437693    
   194.549332         0.720738292    
   194.991470         0.720038533    
   195.433640         0.719338298    
   195.875793         0.718637586    
   196.317963         0.717936397    
   196.760117         0.717234790    
   197.202271         0.716532767    
   197.644424         0.715830207    
   198.086578         0.715127230    
   198.528748         0.714423776    
   198.970901         0.713719904    
   199.413055         0.713015556    
   199.855209         0.712310731    
   200.297363         0.711605430    
   200.739532         0.710899651    
   201.181686         0.710193396    
   201.623840         0.709486663    
   202.065994         0.708779514    
   202.508163         0.708071828    
   202.950317         0.707363725    
   203.392471         0.706655085    
   203.834641         0.705945969    
   204.276779         0.705236435    
   204.718948         0.704526365    
   205.161102         0.703815818    
   205.603271         0.703104794    
   206.045425         0.702393293    
   206.487564         0.701681256    
   206.929733         0.700968742    
   207.371887         0.700255752    
   207.814056         0.699542284    
   208.256210         0.698828280    
   208.698364         0.698113799    
   209.140518         0.697398841    
   209.582687         0.696683347    
   210.024841         0.695967376    
   210.466995         0.695250869    
   210.909149         0.694533885    
   211.351303         0.693816304    
   211.793472         0.693098366    
   212.235626         0.692379832    
   212.677795         0.691660762    
   213.119934         0.690941274    
   213.562088         0.690221190    
   214.004257         0.689500511    
   214.446411         0.688779414    
   214.888580         0.688057780    
   215.330719         0.687335610    
   215.772888         0.686612964    
   216.215042         0.685889721    
   216.657196         0.685165942    
   217.099365         0.684441626    
   217.541519         0.683716834    
   217.983673         0.682991505    
   218.425827         0.682265580    
   218.867996         0.681539118    
   219.310150         0.680812180    
   219.752304         0.680084646    
   220.194458         0.679356575    
   220.636612         0.678627968    
   221.078766         0.677898824    
   221.520950         0.677169025    
   221.963089         0.676438868    
   222.405243         0.675708055    
   222.847397         0.674976647    
   223.289551         0.674244761    
   223.731735         0.673512161    
   224.173874         0.672779143    
   224.616028         0.672045529    
   225.058182         0.671311259    
   225.500366         0.670576572    
   225.942520         0.669841111    
   226.384674         0.669105232    
   226.826813         0.668368816    
   227.268967         0.667631745    
   227.711151         0.666894019    
   228.153305         0.666155815    
   228.595459         0.665417016    
   229.037598         0.664677620    
   229.479782         0.663937628    
   229.921936         0.663197041    
   230.364090         0.662455857    
   230.806244         0.661714077    
   231.248383         0.660971761    
   231.690567         0.660228729    
   232.132721         0.659485221    
   232.574875         0.658740997    
   233.017029         0.657996237    
   233.459183         0.657250881    
   233.901352         0.656504929    
   234.343506         0.655758262    
   234.785660         0.655010998    
   235.227814         0.654263198    
   235.669983         0.653514683    
   236.112137         0.652765572    
   236.554291         0.652015865    
   236.996445         0.651265562    
   237.438599         0.650514662    
   237.880768         0.649763048    
   238.322922         0.649010837    
   238.765076         0.648257971    
   239.207230         0.647504449    
   239.649414         0.646750212    
   240.091553         0.645995438    
   240.533707         0.645240009    
   240.975861         0.644483984    
   241.418015         0.643727183    
   241.860199         0.642969728    
   242.302338         0.642211735    
   242.744492         0.641453028    
   243.186646         0.640693665    
   243.628799         0.639933705    
   244.070984         0.639172912    
   244.513123         0.638411582    
   244.955276         0.637649536    
   245.397430         0.636886775    
   245.839615         0.636123359    
   246.281769         0.635359347    
   246.723923         0.634594619    
   247.166061         0.633829236    
   247.608215         0.633063138    
   248.050400         0.632296264    
   248.492554         0.631528854    
   248.934708         0.630760610    
   249.376846         0.629991770    
   249.819000         0.629222095    
   250.261185         0.628451705    
   250.703339         0.627680719    
   251.145493         0.626909018    
   251.587631         0.626136661    
   252.029816         0.625363469    
   252.471970         0.624589622    
   252.914124         0.623815119    
   253.356277         0.623039722    
   253.798416         0.622263730    
   254.240601         0.621486902    
   254.682755         0.620709419    
   255.124908         0.619931161    
   255.567062         0.619152188    
   256.009247         0.618372500    
   256.451385         0.617592037    
   256.893524         0.616810858    
   257.335693         0.616028965    
   257.777832         0.615246236    
   258.220032         0.614462733    
   258.662170         0.613678515    
   259.104340         0.612893581    
   259.546478         0.612107813    
   259.988617         0.611321390    
   260.430817         0.610533953    
   260.872955         0.609745979    
   261.315125         0.608957171    
   261.757263         0.608167589    
   262.199432         0.607377172    
   262.641602         0.606585920    
   263.083740         0.605794013    
   263.525909         0.605001152    
   263.968048         0.604207575    
   264.410217         0.603413284    
   264.852386         0.602618039    
   265.294525         0.601822138    
   265.736694         0.601025283    
   266.178864         0.600227594    
   266.621002         0.599429190    
   267.063171         0.598629951    
   267.505310         0.597829938    
   267.947479         0.597029030    
   268.389648         0.596227229    
   268.831787         0.595424771    
   269.273956         0.594621241    
   269.716095         0.593817055    
   270.158264         0.593011916    
   270.600433         0.592205942    
   271.042572         0.591399193    
   271.484741         0.590591490    
   271.926880         0.589783072    
   272.369080         0.588973522    
   272.811218         0.588163316    
   273.253357         0.587352276    
   273.695526         0.586540222    
   274.137665         0.585727394    
   274.579865         0.584913552    
   275.022003         0.584098876    
   275.464142         0.583283365    
   275.906311         0.582466960    
   276.348450         0.581649661    
   276.790649         0.580831349    
   277.232788         0.580012202    
   277.674927         0.579192162    
   278.117096         0.578371167    
   278.559265         0.577549219    
   279.001434         0.576726437    
   279.443573         0.575902700    
   279.885712         0.575078130    
   280.327881         0.574252427    
   280.770050         0.573425889    
   281.212219         0.572598338    
   281.654358         0.571769953    
   282.096497         0.570940435    
   282.538696         0.570110083    
   282.980835         0.569278777    
   283.423004         0.568446517    
   283.865143         0.567613244    
   284.307281         0.566779077    
   284.749481         0.565943778    
   285.191620         0.565107584    
   285.633789         0.564270377    
   286.075928         0.563432276    
   286.518066         0.562593043    
   286.960266         0.561752796    
   287.402405         0.560911655    
   287.844574         0.560069442    
   288.286713         0.559226274    
   288.728882         0.558382034    
   289.171051         0.557536781    
   289.613190         0.556690454    
   290.055359         0.555843115    
   290.497498         0.554994822    
   290.939667         0.554145277    
   291.381836         0.553294778    
   291.823975         0.552443266    
   292.266144         0.551590741    
   292.708313         0.550736964    
   293.150452         0.549882352    
   293.592621         0.549026489    
   294.034760         0.548169553    
   294.476929         0.547311604    
   294.919098         0.546452522    
   295.361237         0.545592427    
   295.803406         0.544731081    
   296.245544         0.543868840    
   296.687714         0.543005288    
   297.129883         0.542140603    
   297.572021         0.541274846    
   298.014191         0.540408015    
   298.456329         0.539539993    
   298.898529         0.538670778    
   299.340668         0.537800491    
   299.782806         0.536929071    
   300.224976         0.536056340    
   300.667114         0.535182655    
   301.109314         0.534307718    
   301.551453         0.533431530    
   301.993622         0.532554328    
   302.435760         0.531675816    
   302.877930         0.530796051    
   303.320099         0.529915154    
   303.762238         0.529033005    
   304.204407         0.528149724    
   304.646545         0.527265251    
   305.088715         0.526379466    
   305.530884         0.525492370    
   305.973022         0.524604201    
   306.415192         0.523714662    
   306.857330         0.522823930    
   307.299500         0.521931946    
   307.741669         0.521038711    
   308.183807         0.520144165    
   308.625977         0.519248247    
   309.068146         0.518351197    
   309.510284         0.517452776    
   309.952454         0.516553044    
   310.394592         0.515652061    
   310.836761         0.514749765    
   311.278931         0.513846099    
   311.721069         0.512941182    
   312.163239         0.512034833    
   312.605377         0.511127234    
   313.047546         0.510218203    
   313.489716         0.509307742    
   313.931854         0.508396089    
   314.374023         0.507483006    
   314.816162         0.506568611    
   315.258331         0.505652666    
   315.700500         0.504735410    
   316.142639         0.503816783    
   316.584808         0.502896667    
   317.026947         0.501975179    
   317.469147         0.501052201    
   317.911285         0.500127912    
   318.353424         0.499202073    
   318.795593         0.498274833    
   319.237762         0.497346044    
   319.679932         0.496415883    
   320.122070         0.495484263    
   320.564209         0.494551182    
   321.006378         0.493616462    
   321.448547         0.492680371    
   321.890717         0.491742641    
   322.332855         0.490803510    
   322.774994         0.489862800    
   323.217163         0.488920629    
   323.659332         0.487976760    
   324.101501         0.487031281    
   324.543640         0.486084551    
   324.985779         0.485136032    
   325.427979         0.484185845    
   325.870117         0.483234227    
   326.312286         0.482280880    
   326.754425         0.481326014    
   327.196564         0.480369508    
   327.638763         0.479411334    
   328.080902         0.478451550    
   328.523071         0.477490127    
   328.965210         0.476527005    
   329.407379         0.475562245    
   329.849548         0.474595666    
   330.291687         0.473627657    
   330.733856         0.472657740    
   331.175995         0.471686184    
   331.618164         0.470712841    
   332.060333         0.469737798    
   332.502472         0.468760937    
   332.944641         0.467782259    
   333.386780         0.466802120    
   333.828949         0.465819955    
   334.271118         0.464835972    
   334.713257         0.463850290    
   335.155426         0.462862760    
   335.597595         0.461873293    
   336.039734         0.460882157    
   336.481903         0.459889054    
   336.924042         0.458894074    
   337.366211         0.457897276    
   337.808380         0.456898600    
   338.250519         0.455897987    
   338.692688         0.454895437    
   339.134827         0.453891039    
   339.576996         0.452884614    
   340.019165         0.451876253    
   340.461304         0.450865954    
   340.903473         0.449853688    
   341.345612         0.448839366    
   341.787811         0.447822958    
   342.229950         0.446804613    
   342.672089         0.445784241    
   343.114258         0.444761813    
   343.556396         0.443737298    
   343.998596         0.442710727    
   344.440735         0.441682100    
   344.882874         0.440651387    
   345.325043         0.439618379    
   345.767212         0.438583374    
   346.209381         0.437546074    
   346.651520         0.436506689    
   347.093689         0.435465246    
   347.535828         0.434421390    
   347.977997         0.433375448    
   348.420166         0.432327092    
   348.862305         0.431276739    
   349.304474         0.430223882    
   349.746613         0.429168999    
   350.188782         0.428111583    
   350.630951         0.427051872    
   351.073090         0.425989866    
   351.515259         0.424925476    
   351.957428         0.423858762    
   352.399567         0.422789663    
   352.841736         0.421718180    
   353.283875         0.420644194    
   353.726044         0.419567823    
   354.168213         0.418488860    
   354.610352         0.417407572    
   355.052521         0.416323721    
   355.494659         0.415237278    
   355.936829         0.414148271    
   356.378998         0.413056791    
   356.821136         0.411962718    
   357.263306         0.410866052    
   357.705444         0.409766734    
   358.147614         0.408664703    
   358.589783         0.407560080    
   359.031921         0.406452715    
   359.474091         0.405342668    
   359.916229         0.404229879    
   360.358398         0.403114170    
   360.800568         0.401995838    
   361.242706         0.400874734    
   361.684875         0.399750680    
   362.127045         0.398623765    
   362.569214         0.397494107    
   363.011353         0.396361470    
   363.453491         0.395225912    
   363.895660         0.394087434    
   364.337830         0.392945915    
   364.779999         0.391801327    
   365.222137         0.390653759    
   365.664276         0.389503241    
   366.106476         0.388349324    
   366.548615         0.387192667    
   366.990784         0.386032522    
   367.432922         0.384869546    
   367.875061         0.383703202    
   368.317261         0.382533431    
   368.759399         0.381360650    
   369.201569         0.380184472    
   369.643707         0.379005075    
   370.085846         0.377822280    
   370.528046         0.376635969    
   370.970184         0.375446379    
   371.412354         0.374253273    
   371.854492         0.373056710    
   372.296661         0.371856630    
   372.738831         0.370652825    
   373.180969         0.369445771    
   373.623138         0.368234843    
   374.065277         0.367020428    
   374.507446         0.365802020    
   374.949615         0.364580065    
   375.391754         0.363354385    
   375.833923         0.362124711    
   376.276062         0.360891461    
   376.718231         0.359654039    
   377.160400         0.358412772    
   377.602539         0.357167542    
   378.044708         0.355918318    
   378.486877         0.354665071    
   378.929016         0.353407830    
   379.371185         0.352146208    
   379.813324         0.350880444    
   380.255493         0.349610597    
   380.697662         0.348336279    
   381.139801         0.347057849    
   381.581970         0.345774800    
   382.024109         0.344487518    
   382.466309         0.343195528    
   382.908447         0.341899276    
   383.350586         0.340598375    
   383.792755         0.339292854    
   384.234894         0.337982416    
   384.677094         0.336667418    
   385.119232         0.335347593    
   385.561371         0.334022850    
   386.003540         0.332693338    
   386.445679         0.331358820    
   386.887878         0.330019146    
   387.330017         0.328674525    
   387.772156         0.327324688    
   388.214325         0.325969547    
   388.656494         0.324609160    
   389.098663         0.323243439    
   389.540802         0.321872383    
   389.982941         0.320495784    
   390.425110         0.319113553    
   390.867279         0.317725718    
   391.309448         0.316332072    
   391.751587         0.314932823    
   392.193756         0.313527584    
   392.635925         0.312116385    
   393.078064         0.310699314    
   393.520233         0.309276015    
   393.962372         0.307846516    
   394.404541         0.306410581    
   394.846710         0.304968566    
   395.288849         0.303519934    
   395.731018         0.302064866    
   396.173157         0.300602943    
   396.615326         0.299134433    
   397.057495         0.297659069    
   397.499634         0.296176761    
   397.941803         0.294687450    
   398.383942         0.293190807    
   398.826111         0.291686952    
   399.268280         0.290175617    
   399.710419         0.288656890    
   400.152588         0.287130415    
   400.594727         0.285596490    
   401.036896         0.284054339    
   401.479065         0.282504380    
   401.921204         0.280946374    
   402.363373         0.279379874    
   402.805542         0.277805120    
   403.247681         0.276221722    
   403.689850         0.274629802    
   404.131989         0.273028702    
   404.574158         0.271418840    
   405.016327         0.269799590    
   405.458496         0.268171221    
   405.900635         0.266533375    
   406.342773         0.264885843    
   406.784943         0.263228238    
   407.227112         0.261560649    
   407.669281         0.259882689    
   408.111420         0.258194536    
   408.553558         0.256495655    
   408.995758         0.254785448    
   409.437897         0.253064811    
   409.880066         0.251332372    
   410.322205         0.249588728    
   410.764343         0.247833177    
   411.206543         0.246065333    
   411.648682         0.244285509    
   412.090851         0.242492840    
   412.532990         0.240687564    
   412.975128         0.238868997    
   413.417328         0.237036765    
   413.859467         0.235190898    
   414.301636         0.233331054    
   414.743774         0.231456682    
   415.185944         0.229567438    
   415.628113         0.227662906    
   416.070251         0.225743055    
   416.512421         0.223807052    
   416.954559         0.221854866    
   417.396729         0.219885856    
   417.838898         0.217899293    
   418.281036         0.215895578    
   418.723206         0.213872835    
   419.165375         0.211831808    
   419.607513         0.209771410    
   420.049683         0.207691163    
   420.491821         0.205590338    
   420.933990         0.203468353    
   421.376160         0.201324418    
   421.818298         0.199158132    
   422.260468         0.196968824    
   422.702606         0.194755331    
   423.144775         0.192516878    
   423.586945         0.190252677    
   424.029083         0.187962115    
   424.471252         0.185643375    
   424.913391         0.183296457    
   425.355591         0.180919021    
   425.797729         0.178511515    
   426.239868         0.176071256    
   426.682037         0.173597187    
   427.124176         0.171088248    
   427.566376         0.168542191    
   428.008514         0.165957987    
   428.450653         0.163333699    
   428.892822         0.160667613    
   429.334991         0.157956675    
   429.777161         0.155199379    
   430.219299         0.152392805    
   430.661438         0.149534628    
   431.103607         0.146620959    
   431.545776         0.143649504    
   431.987946         0.140615657    
   432.430084         0.137516066    
   432.872223         0.134345889    
   433.314392         0.131099463    
   433.756561         0.127771601    
   434.198730         0.124355294    
   434.640869         0.120844103    
   435.083038         0.117228352    
   435.525208         0.113498509    
   435.967346         0.109643109    
   436.409515         0.105647869    
   436.851654         0.101496831    
   437.293823          9.71690491E-02
   437.735992          9.26410481E-02
   438.178131          8.78814012E-02
   438.620300          8.28499943E-02
   439.062439          7.74942636E-02
   439.504608          7.17406422E-02
   439.946777          6.54851794E-02
   440.388916          5.85687011E-02
   440.831085          5.07186353E-02
   441.273224          4.14085165E-02
   441.715393          2.92779356E-02
   442.157532          3.60153848E-04
